goal1,goal2
-0.69314718056,-0.69314718056,
0.223143551314,0.223143551314,
0.864997437487,0.864997437487,
1.40179854766,1.40179854766,
1.88612223068,1.88612223068,
2.77794544311,2.77794544311,
3.20392080392,3.20392080392,
3.62282937448,3.62282937448,
4.03715742554,4.03715742554,
4.44848782108,4.44848782108,
4.85784409557,4.85784409557,
4.85784409557,4.85784409557,
5.26589492822,5.26589492822,
5.67308014571,5.67308014571,
6.07969035184,6.07969035184,
6.4859181308,6.4859181308,
6.89189136319,6.89189136319,
7.70338585929,7.70338585929,
8.10900138828,8.10900138828,
8.5145667644,8.5145667644,
8.92009871226,8.92009871226,
9.32560837773,9.32560837773,
10.1365880998,10.1365880998,
10.542066409,10.542066409,
10.9475403178,10.9475403178,
11.353011293,11.353011293,
11.7584803125,11.7584803125,
12.5694148746,12.5694148746,
12.9748811416,12.9748811416,
13.3803470224,13.3803470224,
13.7858126455,13.7858126455,
14.191278097,14.191278097,
15.0022086948,15.0022086948,
15.4076739046,15.4076739046,
15.8131390806,15.8131390806,
16.2186042339,16.2186042339,
16.6240693721,16.6240693721,
17.4349996219,17.4349996219,
17.8404647389,17.8404647389,
18.245929853,18.245929853,
18.651394965,18.651394965,
19.0568600758,19.0568600758,
19.8677902949,19.8677902949,
20.2732554038,20.2732554038,
20.6787205125,20.6787205125,
21.0841856209,21.0841856209,
21.4896507293,21.4896507293,
22.3005809457,22.3005809457,
22.7060460539,22.7060460539,
23.1115111621,23.1115111621,
